Sr YYYYMMDD HH:MM:SS epochTime
01 20220828 20:14:09
,1661699649
02 20220828 20:14:10
,1661699650
01 20220828 20:14:15
,1661699655
02 20220828 20:14:16
,1661699656
03 20220828 20:14:17
,1661699657
04 20220828 20:14:18
,1661699658
05 20220828 20:14:19
,1661699659
06 20220828 20:14:20
,1661699660
07 20220828 20:14:21
,1661699661
08 20220828 20:14:22
,1661699662
09 20220828 20:14:23
,1661699663
10 20220828 20:14:24
,1661699664
11 20220828 20:14:25
,1661699665
12 20220828 20:14:26
,1661699666
13 20220828 20:14:27
,1661699667
14 20220828 20:14:28
,1661699668
15 20220828 20:14:29
,1661699669
16 20220828 20:14:30
,1661699670
17 20220828 20:14:31
,1661699671
18 20220828 20:14:32
,1661699672
19 20220828 20:14:33
,1661699673
20 20220828 20:14:34
,1661699674
21 20220828 20:14:35
,1661699675
22 20220828 20:14:36
,1661699676
23 20220828 20:14:37
,1661699677
24 20220828 20:14:38
,1661699678
25 20220828 20:14:39
,1661699679
26 20220828 20:14:40
,1661699680
27 20220828 20:14:41
,1661699681
28 20220828 20:14:42
,1661699682
29 20220828 20:14:43
,1661699683
30 20220828 20:14:44
,1661699684
31 20220828 20:14:45
,1661699685
32 20220828 20:14:46
,1661699686
33 20220828 20:14:47
,1661699687
34 20220828 20:14:48
,1661699688
35 20220828 20:14:49
,1661699689
36 20220828 20:14:50
,1661699690
37 20220828 20:14:51
,1661699691
38 20220828 20:14:52
,1661699692
39 20220828 20:14:53
,1661699693
40 20220828 20:14:54
,1661699694
41 20220828 20:14:55
,1661699695
42 20220828 20:14:56
,1661699696
43 20220828 20:14:57
,1661699697
44 20220828 20:14:58
,1661699698
45 20220828 20:14:59
,1661699699
46 20220828 20:15:00
,1661699700
47 20220828 20:15:01
,1661699701
48 20220828 20:15:02
,1661699702
49 20220828 20:15:03
,1661699703
50 20220828 20:15:04
,1661699704
51 20220828 20:15:05
,1661699705
52 20220828 20:15:06
,1661699706
53 20220828 20:15:07
,1661699707
