Sr, Unix Time, YYYYMMDD HH:MM:SS
1,1661432148,2022825  17:55:48

2,1661432149,2022825  17:55:49

3,1661432150,2022825  17:55:50

4,1661432151,2022825  17:55:51

5,1661432152,2022825  17:55:52

6,1661432153,2022825  17:55:53

7,1661432154,2022825  17:55:54

8,1661432155,2022825  17:55:55

9,1661432156,2022825  17:55:56

10,1661432157,2022825  17:55:57

11,1661432158,2022825  17:55:58

12,1661432159,2022825  17:55:59

13,1661432160,2022825  17:56:0

14,1661432161,2022825  17:56:1

15,1661432162,2022825  17:56:2

16,1661432163,2022825  17:56:3

17,1661432164,2022825  17:56:4

18,1661432165,2022825  17:56:5

19,1661432166,2022825  17:56:6

20,1661432167,2022825  17:56:7

21,1661432168,2022825  17:56:8

22,1661432169,2022825  17:56:9

23,1661432170,2022825  17:56:10

24,1661432171,2022825  17:56:11

25,1661432172,2022825  17:56:12

26,1661432173,2022825  17:56:13

27,1661432175,2022825  17:56:15

28,1661432176,2022825  17:56:16

29,1661432177,2022825  17:56:17

30,1661432178,2022825  17:56:18

31,1661432179,2022825  17:56:19

32,1661432180,2022825  17:56:20

